Création de la low_matrice.
      ASN    LEU    TYR    PHE    GLN    SER   MET    SER   PHE   PRO
1    0.00  10.00  20.00  20.00     20     20  20.0     20  20.0  20.0
2    0.14   0.26   0.12  20.00     20     20  20.0     20  20.0  20.0
3   20.00  -0.12  -0.19  -0.10     20     20  20.0     20  20.0  20.0
4   20.00  20.00   0.00  -0.00   0.02     20  20.0     20  20.0  20.0
5   20.00  20.00  20.00  -0.02  -0.02  -0.02  20.0     20  20.0  20.0
6   20.00  20.00  20.00  20.00  -0.02  -0.02  20.0  -0.02  20.0  20.0
7   20.00  20.00  20.00  20.00     20     20  20.0     20  20.0  20.0
8   20.00  20.00  20.00  20.00     20     20  20.0     20  20.0  20.0
9   20.00  20.00  20.00  20.00     20     20  20.0     20  20.0  20.0
10  20.00  20.00  20.00  20.00     20     20  20.0     20  20.0  20.0

